76561199223868117
76561198020765121
76561198893201099
76561199180357387
76561198114890185
76561198092307102
76561197964557366
76561198169293177
76561198329508140
76561198127027802
76561198024599354
76561198052722146
76561199001453809
76561198158187140
76561199443083952
76561198136027841
76561198364519636
76561198135844481
76561198129829875
76561198335746663
76561198110303927
76561198135456358
76561198804822429
76561197988675942
76561197988203943
76561198212830985
76561198152677868
76535198103677868
76561198116026097
76561198297238831
76561198004715506
76561198273176455
76561199496104001
76561198363570604
76561198099403905