76561199223868117
76561198020765121
76561198893201099
76561199180357387
76561198114890185
76561198092307102
76561197964557366
76561198169293177
76561198329508140
76561198127027802
76561198024599354
76561198052722146
76561199001453809
76561198158187140
76561199443083952
76561198136027841
76561198364519636
76561198135844481
76561198129829875
76561198335746663
76561198110303927
76561198135456358
76561198804822429
76561197988675942
76561197988203943
76561198212830985
76561198152677868
76535198103677868
76561198116026097
76561198297238831
76561198004715506
76561198273176455
76561198363570604
76561198099403905
76561198027466838
76561198022982736
76561198204896093
76561198120105021
76561198132942177
76561198075323659
76561197996865501
76561198378953616
76561198989929678
76561198061561721
76561198031534480
76561198068094734
76561198044764576
76561199058782785
76561198163209038
76561198076057832
76561198076057832
76561197997086772
76561198309250884
76561198081246124
76561198073980671
76561198083052587
76561199496104001
76561198120080795
76561198212169637
76561198079050446
76561198067839357
76561198290446209
76561199108824688
76561199381488477
7656119808844101
76561198163123205
76561198168244502
76561199467647803
76561198079319482
76561198438312641
76561198090389966
76561198035641767
76561198182154730
76561198369804821
76561198073473010
76561197971154156
76561198129412516
76561198020605528
76561199074666462
76561199008862539
76561198996087044
76561198087855619
76561199130197883
76561197998525396
76561198159650935
76561198416802983
76561199055353025
76561199055353025
76561198123163129
76561198817582983
76561198132265752
76561198104024084
76561198084200703
76561198255425648
76561198349945356
76561199421816865
76561198286354216
76561198180776318
76561198195231529
76561199213555686
76561198121359158
76561198973939683
76561198119406192
76561199045300430
76561198968796623
76561198894296414
76561198267870613
76561198083353731
76561199526193394
76561199202927945
76561198329170585
76561198028887479
76561199471189877
76561199214301664
76561198028508081
76561198089759900
76561199303879527
76561198216278017
76561198130654381
76561198015844398
76561198052548076
76561198015870706
76561198366505253
76561199278592722
76561199109901985
76561199422609492
76561198966362663
76561199498930844
76561198000459037
76561198129689976
76561198224041812
76561198178983037
76561198285975374
76561198117604863
76561199278020318
76561199310219516
76561198454873318
76561199222759545
76561198997665054
76561198950673588
76561199229156568
76561199259304408
76561198893622489
76561198893622489
76561198375034386
76561198992627200
76561198218085141
76561199202156063
76561199038892522
76561199250241701
76561199516954090
76561199338098302
76561198444955342
76561199521898599
76561199233692256
76561199413285487
76561199552312141
76561199465818549
76561197962471521
76561198995231293
76561197977712080
76561198090484773
76561199153929236
76561199347052343
76561198179463814
76561199220924573
76561198365398424
76561198102999577
76561198963667258
76561199499320606
76561199119971158
76561198115914312
76561198133082950
76561198075372297
76561199544283844
76561197965412241
76561198237346922
76561198388750415
76561198070570810
76561198083777786
76561198040390056
76561198126429565
76561199148690882
76561198086138579
76561199379206448
76561197995802462
76561198078840720
76561198827070181
